------------------------------------------------------------------------------
NC: 0   
KMNC: 0   
NBC: 0   
SNAC: 0   
SSC: 1.0   
------------------------------------------------------------------------------
NC: 0.5900000000000001   
KMNC: 0.34099999999999997   
NBC: 0.31499999999999995   
SNAC: 0.33999999999999997   
SSC: 0.78   
